Vector Kr : 
152
2
231
105
243
216
143
167
39
45
5
230
142
175
55
115
65
110
197
34
199
70
149
237
78
230
6
251
118
1
49
76
199
126
126
169
35
148
5
31
150
154
118
114
178
218
26
3
144
35
24
107
204
0
100
159
239
104
21
9
236
195
202
196
150
210
237
48
249
155
190
93
216
6
207
100
52
90
141
79
224
41
118
53
74
87
0
181
45
159
184
171
241
101
122
122
253
174
15
217
242
32
129
126
57
25
69
220
64
74
96
28
93
215
55
73
147
245
46
134
85
190
224
79
221
247
227
71
248
199
58
129
253
200
143
61
234
121
90
26
212
76
137
229
182
72
28
11
231
92
9
161
53
92
145
106
52
39
93
57
233
178
22
222
147
211
168
245
125
231
121
26
46
187
173
146
87
166
202
37
13
217
89
223
152
190
110
211
59
226
33
87
146
200
218
137
71
175
21
142
92
30
48
54
15
152
71
197
50
69
60
49
223
80
130
60
225
201
31
118
252
168
107
232
65
70
97
67
122
82
155
139
52
1
28
171
47
204
100
213
65
9
69
129
39
203
54
221
58
246
105
188
91
1
84
63
251
120
32
81
209
188
144
110
75
194
167
39
110
85
55
55
167
252
100
61
208
122
215
236
247
93
199
225
233
148
75
134
250
94
162
10
176
242
107
200
161
239
213
180
216
220
226
57
223
27
232
30
23
160
134
195
41
235
132
208
103
7
118
182
107
57
73
161
114
104
49
115
59
96
115
59
52
198
73
166
135
38
200
174
77
118
66
51
100
92
191
117
244
93
71
109
237
138
227
176
198
244
102
91
42
153
99
27
164
187
107
58
8
16
72
143
90
81
168
85
127
252
58
128
228
151
167
188
52
208
154
59
253
121
248
48
81
68
116
74
249
196
100
112
237
18
182
244
62
22
231
154
92
35
110
64
25
29
163
254
5
153
255
54
255
29
188
37
169
253
170
89
80
136
151
21
18
27
115
195
93
235
234
247
166
162
128
193
9
49
85
106
150
170
86
100
167
36
39
153
158
193
33
101
155
215
31
0
148
171
171
9
143
144
51
104
227
237
3
65
87
220
5
91
156
53
120
188
31
154
61
151
64
127
82
126
247
104
132
171
31
54
237
204
12
161
186
219
79
126
60
204
180
183
14
137
167
161
81
75
218
245
209
160
176
151
130
229
106
249
146
162
160
246
86
235
186
113
117
128
216
77
188
11
69
238
139
60
156
98
151
97
149
183
126
109
132
17
210
227
90
248
116
64
196
189
244
71
80
112
65
19
169
20
134
12
127
253
96
91
147
242
27
116
175
96
210
75
176
115
117
200
159
29
169
138
94
140
244
110
185
88
176
153
126
179
50
227
218
133
84
176
94
27
4
13
119
188
167
36
153
145
200
168
197
135
248
178
73
98
35
43
237
204
76
235
204
241
251
232
217
233
32
184
147
7
197
24
247
71
136
76
43
206
175
75
174
242
232
216
37
8
255
247
247
235
141
252
32
142
190
103
59
190
155
202
85
25
13
133
22
39
100
129
7
126
46
125
33
119
209
254
2
44
172
34
158
240
48
191
11
27
26
178
8
239
1
194
77
180
219
211
41
2
153
4
250
230
27
47
222
203
83
169
117
168
45
38
37
233
17
32
149
73
254
230
177
51
154
129
109
134
174
151
252
22
100
39
156
57
252
78
22
205
174
242
128
56
120
183
20
126
246
73
76
2
137
181
241
248
28
128
39
224
44
46
241
111
209
18
177
79
171
193
143
226
244
107
11
39
217
95
171
107
67
132
225
171
32
68
21
68
91
13
164
136
30
31
91
11
255
206
175
153
108
240
10
225
165
161
117
137
96
146
199
200
131
5
225
51
27
226
50
240
241
208
103
142
203
156
87
146
165
125
198
82
221
78
34
99
111
154
99
220
112
18
7
48
147
16
66
41
4
119
145
33
197
207
244
126
226
57
224
29
116
95
201
225
173
188
165
231
144
30
223
182
58
33
228
122
137
125
119
220
185
237
251
188
0
38
117
221
39
164
245
182
8
108
234
27
3
234
236
190
3
218
52
6
121
22
165
105
102
195
34
85
245
158
37
173
185
0
232
200
158
7
145
120
140
45
65
202
174
246
212
214
255
85
187
43
128
23
1
95
12
93
38
141
58
46
160
147
178
64
38
86
104
207
252
181
55
250
34
73
171
191
26
160
89
253
70
146
131
68
4
148
156
221
150
5
192
237
1
121
25
2
122
183
105
10
21
36
244
53
252
130
237
205
20
52
142
126
180
52
156
231
54
125
9
183
146
48
242
203
235
21
67
194
162
193
253
57
61
88
143
191
104
80
213
62
138
55
89
159
32
237
17
64
101
148
223
244
171
200
231
200
206
189
253
6
8
20
157
98
180
171
104
244
144
43
215
99
145
68
78
80
124
238
10
105
191
149
109
226
238
168
125
33
220
217
114
102
27
232
237
137
131
24
25
111
173
230
36
103
74
214
7
164
64
126
112
211
249
41
200
24
246
48
34
99
153
183
138
64
171
95
150
134
8
49
157
62
28
105
2
120
214
196
176
247
189
70
143
187
206
133
194
85
222
21
248
87
43
74
175
204
6
62
152
101
91
217
154
166
159
63
187
6
174
113
137
29
168
8
155
210
67
151
39
62
177
169
133
162
180
190
185
186
46
108
191
55
218
99
225
190
96
138
220
75
219
90
35
209
Vector Kc : 
108
226
96
105
122
179
184
25
78
13
4
172
155
70
46
202
13
81
160
191
27
41
224
97
61
59
182
147
225
75
118
180
163
132
171
103
177
100
55
27
164
13
32
232
164
64
92
227
119
94
38
213
5
114
255
22
125
192
25
208
94
235
238
182
129
154
84
186
204
2
80
211
13
62
236
209
239
44
68
190
203
72
191
219
171
52
128
75
243
41
137
78
140
199
37
231
26
205
239
162
54
208
109
89
100
111
144
179
0
126
32
247
252
231
31
48
143
127
219
238
69
52
70
176
67
12
30
46
19
62
221
203
223
137
9
198
21
168
120
179
192
225
24
146
216
103
216
138
136
139
93
71
67
99
221
188
201
154
161
91
126
217
191
69
108
64
13
46
36
6
206
16
101
57
228
17
201
122
132
218
39
70
167
99
207
239
16
139
39
212
111
101
151
86
135
164
217
230
13
198
212
196
191
47
7
29
203
51
86
92
193
248
97
130
131
53
242
54
206
237
113
185
209
57
199
116
60
248
220
128
59
239
196
10
66
247
141
96
48
13
155
107
207
114
183
224
190
250
231
12
165
38
241
140
162
247
240
148
220
240
128
179
1
155
217
66
2
71
58
219
107
38
188
86
23
201
11
159
239
57
122
58
209
146
143
3
242
14
141
175
81
114
14
2
181
241
79
148
108
240
210
202
239
21
98
117
239
26
200
178
120
57
245
205
142
91
79
4
19
140
110
235
10
62
8
215
166
100
70
250
149
242
65
155
140
227
137
220
130
68
192
64
121
207
222
66
141
145
106
151
44
52
92
147
250
71
128
99
120
88
37
92
94
226
184
215
35
252
81
218
199
198
130
237
73
57
4
20
52
174
205
88
93
119
176
244
49
179
16
153
84
110
114
14
15
140
8
62
159
219
255
45
66
32
198
233
109
41
204
4
36
5
175
235
186
144
247
91
190
68
142
132
92
124
117
204
36
72
242
79
99
140
193
12
79
11
194
216
33
239
163
113
120
205
115
238
109
217
96
160
168
212
233
14
34
30
179
96
187
214
130
212
73
214
205
169
34
101
46
127
85
120
28
187
3
206
87
245
217
90
148
58
67
244
119
82
60
75
4
3
161
103
207
63
22
155
233
120
158
167
247
36
76
237
24
65
142
178
142
208
160
242
14
21
66
113
213
241
70
78
57
69
5
26
185
28
34
203
188
227
211
180
148
75
32
67
246
149
186
96
32
32
186
166
19
233
211
187
92
199
113
25
71
63
182
3
56
217
189
84
193
189
185
106
69
183
24
146
253
37
170
248
215
21
232
143
250
108
223
209
179
216
51
96
49
105
101
229
209
106
252
81
214
117
218
97
146
49
254
28
88
131
244
225
205
107
181
117
253
71
106
185
63
113
171
173
56
239
197
114
199
187
72
58
17
185
66
95
82
197
104
120
137
8
116
69
242
3
125
239
121
112
232
53
35
16
29
43
215
180
121
89
167
196
ITER_MAX : 
1
